1111111111111111111111111111111111111111111111111111111111111111111111111111111111111111111111111111
1100101000001011000001010000111000001001000010000100010000000000100000001000100101000001101000010001
1011000100000000000000100100101011000000110010011000100010001011000000000001011101001001100010010001
1110000110000000000000101010000010000000110010011000010000000000000000000000001100101000001101010001
1010000000001001010001000010000011100110100100000000000000000010000000000100100100001001000010000011
1000000000000000000100000100000000010100000001000000000010000001110010010111010110000001100010010011
1100000000000001000000100000000000000000000001010100100010001000010001000000000000100010000011000101
1010000000000010101000110000101000111100000000000110000000001000001110011100000100100111000000000001
1000000100010010100000101010001000011000010000001000100110010100000010010001000010010001100001010011
1000100001001001000010001100001001100000000100101010000010000000001111100010100010000010000110000011
1000001001100100001000010010000010000000100000100000100100000100010011000100000001011010000010001001
1000000001000000101000010010000000000001000101001100010101000000100011000010000011000000000000000111
1010000001001010000011000001010000000100010001100001011010001011000001001001010000000000000000000011
1000010000001000100010000010001010111000000000001110011100001010010010101100001110000000101111000101
1000000010010000011000100011100000000100000000010000010000000101101000100101010000000001000100101001
1100100010100100000000000011110000100001000100000100110100000001000001110000110101000001111010110011
1011010111000000000101001000000000010000100000111100000010000101000000000001000010000000000011000101
1000001000010000000010000010000100001000001001010000010000010000010101100000010000000110110100001101
1100001010111000100011000101001010000001001001000111000000000110000010000100100101100110100010000001
1110000100000001100010000010010010001110000000110000000000000000010000000100100000000000100001000001
1000100000100000000110000000001010000110000000000000000000100100000000100000000000000100000100100011
1000000000100100000110001000101000000000001010001010001000100011000001001000100010000111110000000001
1000000000001001100110000100001000010001000010110000000010000010000000010000110000010010000000111101
1010001011010000001001000100000000010010010000100000000000110010001001000011000000101010011011010001
1010000000101100000100000010000000111001010100000000000000000110000100110100000000000101000000001001
1001000110110000010010000000000000000100001100010001000000000000000000000010001101010000100000111101
1001010011010100001000001100000110000100000000010110000000110000100000000001000000001001000000110001
1000001011000010000100100000111100000010100000000000000000011110000000110010000000000110110010100001
1000100100101100001000110000000000000010000000000000000100110001100111000010000000111001100000000001
1111111111111111111111111111111111111111111111111111111111111111111111111111111111111111111111111111
